358.159
288.564
362.387
185.359
354.703
246.181
313.686
368.608
337.372
369.238
387.765
286.211
89.7496
115.715
86.3771
346.055
152.365
446.988
333.741
317.608
330.965
179.983
345.159
336.804
233.735
412.397
378.061
357.74
252.43
251.67
174.451
180.959
384.634
434.923
416.963
280.89
377.894
291.064
242.8
322.593
306.863
365.457
193.84
210.609
315.228
118.381
107.55
150.336
323.144
309.382
284.13
263.16
368.087
105.01
90.4655
104.542
418.158
394.211
298.314
460.965
474.29
378.19
376.316
324.763
269.004
272.819
197.762
318.107
349.547
429.694
457.212
303.842
400.785
455.529
456.747
442.972
433.304
397.209
452.967
441.838
466.404
444.108
444.535
418.617
471.739
434.817
291.452
291.52
312.48
312.658
422.598
450.104
394.136
407.631
443.592
410.211
428.667
375.721
422.861
207.483
281.025
254.077
386.101
447.973
455.895
492.678
376.177
411.384
405.865
455.009
377.53
328.995
396.5
340.721
454.004
483.389
223.264
396.855
394.71
223.204
308.602
342.127
184.675
245.931
265.234
259.759
265.292
163.074
178.359
360.337
325.601
400.275
347.124
304.751
458.965
148.936
78.8099
347.662
52.9811
102.235
332.767
316.375
317.183
173.825
323.367
325.727
234.177
233.536
336.872
269.603
411.563
377.415
266.854
159.656
218.17
330.15
430.478
443.366
419.099
380.466
223.204
308.602
342.127
184.675
245.931
265.234
259.759
265.292
163.074
178.359
360.337
325.601
392.532
347.124
304.751
458.965
148.936
78.8099
347.662
52.9811
102.235
332.767
316.375
317.183
173.825
323.367
325.727
234.177
233.536
336.872
269.603
411.563
392.58
266.854
159.656
218.17
330.15
365.103
443.366
419.099
319.379
362.898
359.831
163.747
368.409
370.892
115.36
378.844
97.7139
325.708
325.92
395.977
294.338
351.773
93.2792
76.0132
112.628
81.7068
134.911
389.331
325.475
447.471
471.138
238.881
205.385
379.484
405.104
327.115
267.395
284.528
392.093
172.328
319.687
314.279
380.285
335.181
397.059
403.937
322.3
402.174
350.746
342.952
380.204
238.225
424.988
398.404
373.118
455.781
386.159
437.352
425.389
363.149
439.081
365.148
243.175
241.94
154.852
325.188
304.321
206.942
435.858
384.228
335.735
432.397
286.97
454.849
434.985
455.166
339.869
329.109
372.012
409.015
438.005
130.759
426.627
398.833
348.366
491.863
448.245
420.948
277.074
262.397
414.356
409.933
397.213
418.878
451.67
403.56
388.769
404.056
432.852
341.5
407.641
370.937
308.347
369.573
433.432
452.51
432.558
419.262
385.101
442.811
474.688
461.615
427.52
471.764
399.018
387.633
346.407
333.413
368.265
411.9
450.499
293.983
290.222
301.591
418.937
357.736
419.161
462.401
449.6
424.885
283.695
288.612
438.505
315.175
401.385
457.128
307.838
313.46
333.813
343.366
406.883
410.614
257.414
234.339
408.49
422.765
396.223
387.527
414.999
393.872
387.547
411.981
355.027
476.568
409.555
399.796
212.009
320.889
411.22
405.535
396.173
392.138
298.967
395.915
335.826
415.507
237.769
441.151
386.904
257.387
399.392
395.792
450.604
240.102
256.887
229.044
215.84
367.278
281.551
220.341
254.236
179.889
170.822
146.253
319.277
238.17
278.198
381.488
369.544
412.254
443.039
412.57
413.676
266.912
301.053
337.111
303.584
322.219
256.185
183.415
381.818
322.737
369.643
385.36
305.398
152.145
362.484
351.929
347.836
305.632
367.814
186.024
331.827
193.83
440.307
326.11
359.251
415.642
387.634
405.586
417.834
417.037
459.324
368.481
384.31
391.863
433.471
347.793
279.308
246.927
114.839
176.304
129.221
354.744
168.547
227.774
418.287
340.062
308.652
308.49
404.48
343.791
268.868
320.428
237.758
262.389
275.808
391.29
403.043
418.429
374.707
364.655
437.555
333.606
445.845
450.133
457.108
357.775
426.149
350.169
367.226
401.057
341.012
387.12
434.248
410.304
418.039
415.421
391.222
374.234
368.308
232.805
428.239
356.575
427.139
373.374
261.383
348.683
296.395
385.841
453.704
347.091
339.273
301.801
300.696
451.657
325.682
332.035
331.546
260.213
344.267
314.46
212.054
404.292
233.019
365.285
351.253
259.409
374.45
291.089
313.27
305.323
337.374
244.322
453.824
409.732
272.646
357.578
404.312
435.064
228.462
225.81
223.177
223.598
354.642
214.446
314.062
151.281
313.833
285.286
284.587
241.919
363.011
363.022
367.113
420.201
370.987
288.441
322.969
333.726
249.221
364.712
224.773
320.161
391.571
393.911
177.733
354.684
353.91
255.883
336.822
320.509
234.544
228.039
425.598
296.51
331.977
337.125
438.913
385.032
279.784
386.373
455.265
364.421
364.365
431.421
441.35
435.616
371.26
397.193
434.284
435.928
445.772
341.991
205.463
229.155
117.333
241.988
412.101
425.053
385.18
352.237
408.141
436.742
436.73
185.938
393.893
227.756
278.935
366.805
371.203
473.717
311.203
346.777
387.182
266.545
302.868
365.023
452.965
315.908
339.139
326.038
347.876
259.185
391.684
394.737
327.008
431.927
431.76
402.034
382.391
472
213.141
263.674
377.326
403.021
388.978
363.165
398.917
411.807
444.132
442.404
432.294
378.739
466.59
468.562
435.73
451.997
252.846
376.922
341.645
240.983
363.377
445.739
329.553
337.566
450.213
353.504
359.071
428.188
497.428
374.888
348.426
290.467
232.865
307.461
412.824
358.022
340.347
305.12
352.034
204.054
438.08
429.787
256.47
393.092
317.24
302.896
453.034
297.632
380.911
265.944
377.952
363.435
344.391
475.845
360.634
370.392
210.915
366.732
374.055
387.111
